[?25l[39m [38;2;0;0;0m                 [38;2;231;138;26m_[38;2;179;111;29my[38;2;213;128;27my[38;2;228;136;26mg[38;2;246;146;25mg[38;2;231;138;26m$[38;2;243;145;25m@[38;2;246;146;25m@@@@@@[38;2;244;145;25m@[38;2;232;138;26m$[38;2;246;146;25mg[38;2;227;136;26mg[38;2;213;128;27my[38;2;179;110;29my[38;2;232;138;26m_                  [39m
 [38;2;0;0;0m             [38;2;243;144;25m_[38;2;220;132;27my[38;2;246;146;25mg@@@@@@@@@@@@@@@@@@@@@@g[38;2;221;133;27my[38;2;243;144;25m_              [39m
 [38;2;0;0;0m          [38;2;244;145;25m_[38;2;240;143;25ma[38;2;245;145;25m@[38;2;246;146;25m@@@@@@@@@@@@@@@@@@@@@@@@@@@@@[38;2;234;140;26mg[38;2;244;145;25m_           [39m
 [38;2;0;0;0m        [38;2;215;130;27my[38;2;237;141;25m@[38;2;246;146;25m@@@@@@@@@@@@@@@@@@@@@@@@@@@@@@@@@@[38;2;244;145;25m@[38;2;216;130;27my [38;2;134;87;32m        [39m
 [38;2;0;0;0m      [38;2;217;131;27my[38;2;245;145;25m@[38;2;246;146;25m@@@@@@@@@@@@@@@@@[38;2;246;146;26m@@[38;2;246;146;25m@@@@@@@@@@@@@@@@@@@@[38;2;217;130;27my       [39m
 [38;2;0;0;0m    [38;2;186;114;29my[38;2;235;140;26m@[38;2;246;146;25m@@@@@@@@@@@@@@@@@@@[38;2;249;192;128m@[38;2;254;254;254m@[38;2;254;253;252m@[38;2;252;229;207m@[38;2;246;147;28m@[38;2;246;146;25m@[38;2;248;178;97m@@[38;2;247;159;59m@[38;2;246;146;27m@[38;2;246;146;25m@@@@@@@@@@@@@[38;2;242;144;25m@[38;2;175;108;30my     [39m
 [38;2;0;0;0m   [38;2;214;129;27ma[38;2;246;146;25m@@@@@@@@@@@@@@[38;2;248;172;84m@[38;2;247;167;75m@[38;2;246;151;39m@[38;2;246;146;25m@@@[38;2;246;148;30m@[38;2;253;245;237m@[38;2;254;254;254m@@[38;2;249;182;107m@[38;2;246;146;25m@[38;2;246;153;44m@[38;2;254;250;248m@[38;2;254;254;254m@@[38;2;248;171;79m@[38;2;246;146;25m@@@@@@@@@@@@@@@[38;2;208;126;27mg    [39m
 [38;2;0;0;0m  [38;2;239;142;25ma[38;2;246;146;25m@@@@@@@@@@@@@@[38;2;246;151;38m@[38;2;254;249;245m@[38;2;254;254;254m@@@[38;2;253;249;246m@[38;2;252;233;212m@[38;2;252;231;208m@[38;2;254;254;254m@@[38;2;253;247;241m@[38;2;247;158;57m@[38;2;246;147;29m@[38;2;250;207;161m@[38;2;254;254;254m@@[38;2;252;227;202m@[38;2;246;146;25m@@@@@@@@@@@@@@@@@[38;2;224;134;26m$   [39m
 [38;2;0;0;0m [38;2;232;139;26ma[38;2;246;146;25m@@@@@@@@@@@@@@@[38;2;246;154;43m@[38;2;248;178;99m@[38;2;250;198;137m@[38;2;252;224;192m@[38;2;254;254;254m@@@@@@@@@@@@[38;2;251;215;174m@[38;2;248;175;89m@[38;2;246;148;32m@[38;2;246;146;25m@@@@@@@@@@@@@@@@[38;2;218;131;27m$  [39m
 [38;2;183;112;29mg[38;2;246;146;25m@@@@@@@@@@@@@@@@@@@@[38;2;252;234;215m@[38;2;254;254;254m@@@@[38;2;253;248;243m@[38;2;251;212;167m@[38;2;252;227;197m@[38;2;254;251;248m@[38;2;254;254;254m@@@@@@[38;2;253;240;228m@[38;2;250;196;132m@[38;2;246;147;27m@[38;2;246;146;25m@@@@@@@@@@@@@@[38;2;221;132;27mL [39m
 [38;2;242;144;25m@[38;2;246;146;25m@@@@@@@@@@@@@@@@@@@[38;2;248;173;88m@[38;2;254;254;254m@@@@@[38;2;249;191;124m@[38;2;246;146;25m@@@[38;2;246;146;26m@[38;2;248;168;75m@[38;2;251;212;170m@[38;2;254;254;254m@@@@@[38;2;253;245;238m@[38;2;247;156;48m@[38;2;246;146;25m@@@@@@@@@@@@@@ [39m
[38;2;181;112;29mg[38;2;246;146;25m@@@@@@@@@@@@@@@@@@@@[38;2;252;231;208m@[38;2;254;254;254m@@@@[38;2;253;246;239m@[38;2;246;148;32m@[38;2;246;146;25m@@@@@@[38;2;251;217;181m@[38;2;254;254;254m@@@@@[38;2;250;194;132m@[38;2;246;146;25m@@@@@@@@@@@@@@[38;2;181;112;29m$[39m
[38;2;227;136;26m$[38;2;246;146;25m@@@@@@@@@@@@@@@@@@@[38;2;248;172;84m@[38;2;254;254;254m@@@@@[38;2;252;221;187m@[38;2;248;170;78m@[38;2;246;148;30m@[38;2;246;146;25m@@@[38;2;246;147;28m@[38;2;249;187;115m@[38;2;254;250;246m@[38;2;254;254;254m@@@@[38;2;254;253;253m@[38;2;247;166;72m@[38;2;246;146;25m@@@@@@@@@@@@@@[38;2;233;139;26m@[39m
[38;2;240;143;25m@[38;2;246;146;25m@@@@@@@@@@@@@@@@@@@[38;2;252;229;206m@[38;2;254;254;254m@@@@@@@@@@@@@@@@@[38;2;253;237;221m@[38;2;248;172;85m@[38;2;246;146;25m@@@@@@@@@@@@@@@[38;2;244;145;25m@[39m
[38;2;241;143;25m@[38;2;246;146;25m@@@@@@@@@@@@@@@@@@[38;2;248;173;86m@[38;2;254;254;254m@@@@@[38;2;250;195;132m@[38;2;248;168;74m@[38;2;249;181;103m@[38;2;250;201;145m@[38;2;251;220;187m@[38;2;253;248;244m@[38;2;254;254;254m@@@@@[38;2;254;249;245m@[38;2;250;197;138m@[38;2;246;148;30m@[38;2;246;146;25m@@@@@@@@@@@@@@@@[38;2;244;145;25m@[39m
[38;2;227;136;26m$[38;2;246;146;25m@@@@@@@@@@@@@@@@@@[38;2;252;230;206m@[38;2;254;254;254m@@@@[38;2;253;246;239m@[38;2;246;149;32m@[38;2;246;146;25m@@@@@[38;2;246;151;37m@[38;2;250;197;136m@[38;2;254;253;253m@[38;2;254;254;254m@@@@[38;2;254;252;251m@[38;2;248;176;93m@[38;2;246;146;25m@@@@@@@@@@@@@@@[38;2;232;138;26m@[39m
[38;2;194;118;28m4[38;2;246;146;25m@@@@@@@@@@@@@[38;2;246;150;35m@[38;2;250;202;151m@[38;2;249;188;118m@[38;2;248;174;88m@[38;2;250;198;138m@[38;2;254;254;254m@@@@@[38;2;249;192;128m@[38;2;246;146;25m@@@@@@@@[38;2;251;210;169m@[38;2;254;254;254m@@@@@[38;2;253;237;221m@[38;2;246;146;25m@@@@@@@@@@@@@@@[38;2;216;130;27mF[39m
 [38;2;243;144;25m@[38;2;246;146;25m@@@@@@@@@@@[38;2;246;147;28m@[38;2;252;226;200m@[38;2;254;254;254m@@@@@@@@[38;2;254;252;251m@[38;2;249;189;123m@[38;2;248;171;83m@[38;2;246;154;45m@[38;2;246;146;25m@@@@[38;2;246;150;35m@[38;2;249;187;116m@[38;2;254;251;248m@[38;2;254;254;254m@@@@@[38;2;251;210;165m@[38;2;246;146;25m@@@@@@@@@@@@@@@ [39m
 [38;2;187;115;29m4[38;2;246;146;25m@@@@@@@@@@@[38;2;246;149;33m@[38;2;248;171;79m@[38;2;249;187;113m@[38;2;250;206;155m@[38;2;251;221;186m@[38;2;253;242;234m@[38;2;254;253;252m@[38;2;254;254;254m@@@@@@@@@[38;2;254;254;253m@[38;2;254;254;254m@@@@@@@@[38;2;252;234;217m@[38;2;246;150;36m@[38;2;246;146;25m@@@@@@@@@@@@@@[38;2;216;130;27mF [39m
 [38;2;0;0;0m [38;2;228;137;26m4[38;2;246;146;25m@@@@@@@@@@@@@@@@[38;2;249;192;127m@[38;2;254;254;254m@@[38;2;253;242;231m@[38;2;249;193;126m@[38;2;251;211;164m@[38;2;253;247;240m@[38;2;254;254;254m@@@@@@@@@@[38;2;253;240;228m@[38;2;249;190;121m@[38;2;246;146;26m@[38;2;246;146;25m@@@@@@@@@@@@@@[38;2;201;122;28m@  [39m
 [38;2;0;0;0m  [38;2;230;138;26m4[38;2;246;146;25m@@@@@@@@@@@@@@[38;2;246;148;30m@[38;2;253;244;236m@[38;2;254;254;254m@@[38;2;249;184;110m@[38;2;246;146;25m@[38;2;246;153;45m@[38;2;254;251;248m@[38;2;254;254;254m@@[38;2;248;171;82m@[38;2;246;152;44m@[38;2;247;160;58m@[38;2;247;167;73m@[38;2;248;169;78m@[38;2;247;167;71m@[38;2;247;157;52m@[38;2;246;147;28m@[38;2;246;146;25m@@@@@@@@@@@@@@@@[38;2;206;125;28m@   [39m
 [38;2;0;0;0m   [38;2;204;123;28m4[38;2;246;146;25m@@@@@@@@@@@@@[38;2;247;164;65m@[38;2;251;217;176m@[38;2;252;236;218m@[38;2;253;238;224m@[38;2;246;146;26m@[38;2;246;146;25m@[38;2;250;206;157m@[38;2;254;254;254m@@[38;2;252;229;206m@[38;2;246;146;25m@@@@@@@@@@@@@@@@@@@@@@@[38;2;240;143;25mF    [39m
 [38;2;0;0;0m    [38;2;205;124;28m~[38;2;234;140;26m@[38;2;246;146;25m@@@@@@@@@@@@@@@@@[38;2;247;167;72m@[38;2;248;180;104m@[38;2;250;201;143m@[38;2;247;166;71m@[38;2;246;146;25m@@@@@@@@@@@@@@@@@@@@@[38;2;238;142;26m@[38;2;224;135;26m~     [39m
 [38;2;0;0;0m      [38;2;243;144;25m~[38;2;245;145;25m@[38;2;246;146;25m@@@@@@@@@@@@@@@@@@@@@@@@@@@@@@@@@@@@@@[38;2;245;145;25m@[38;2;222;133;26mF       [39m
 [38;2;0;0;0m        [38;2;245;145;25m~[38;2;238;142;26m@[38;2;246;146;25m@@@@@@@@@@@@@@@@@@@@@@@@@@@@@@@@@@[38;2;238;142;25m@[38;2;211;128;27mF [38;2;135;87;32m        [39m
 [38;2;0;0;0m          [38;2;222;133;26m~[38;2;218;131;27m4[38;2;245;145;25m@[38;2;246;146;25m@@@@@@@@@@@@@@@@@@@@@@@@@@@@[38;2;245;145;25m@[38;2;226;135;26mP[38;2;233;139;26m~           [39m
 [38;2;0;0;0m             [38;2;211;127;27m~[38;2;246;146;25m~[38;2;223;134;26mR[38;2;246;146;25m@@@@@@@@@@@@@@@@@@@@@@[38;2;204;124;28m@[38;2;208;126;27mF[38;2;223;134;26m~              [39m
 [38;2;0;0;0m                 [38;2;234;140;26m`[38;2;241;143;25m~[38;2;246;146;25m~[38;2;209;126;27mF[38;2;213;128;27mR[38;2;216;130;27m@[38;2;243;144;25m@[38;2;246;146;25m@@@@@@[38;2;243;144;25m@[38;2;218;131;27m@[38;2;232;139;26mP[38;2;218;131;27mF[38;2;192;117;29mF[38;2;244;145;25m~[38;2;175;108;30m~                  [39m
[?25h